         1          1       1
         1          1       2
         1          1       3
         2          2       2
         2          2       4
         3          3       2
         3          3       5
         4          4       1
         4          4       2
         4          4       4
         5          5       1
         5          5       5
         6          6       2
         6          6       5
         7          7       1
         7          7       5
         8          8       1
         8          8       2
         8          8       3
         8          8       5
         9          9       1  
         9          9       2 
         9          9       5        